 5 2 6
 5 2 6
 7 2 10
 15 3 15
 6 2 10
 15 2 15
 12 2 11
 6 2 6
 16 2 19
 14 2 15
 10 2 9
 10 3 12
 14 1 14
 14 3 16
 14 1 14
 13 3 14
 8 2 10
 6 1 5
 8 1 10
 13 2 15
 12 1 15
 15 2 16
 13 2 12
 10 3 8
 6 1 8
 12 1 11
 15 1 15
 11 2 11
 10 2 11
 9 2 12
 17 2 17
 17 2 16
 8 2 12
 12 1 15
 8 1 6
 15 3 18
 15 3 15
 12 3 11
 14 1 13
 7 2 11
 12 1 12
 19 2 18
 8 1 11
 10 2 9
 8 2 6
 11 2 11
 19 4 20
 15 2 14
 7 2 7
 12 2 13
 11 2 13
 11 1 10
 8 1 11
 10 1 13
 8 2 10
 14 2 15
 14 2 15
 9 2 9
 15 2 16
 10 2 11
 10 1 11
 8 2 9
 10 3 9
 10 2 10
 16 2 15
 13 4 12
 7 4 6
 8 2 8
 16 4 16
 13 4 15
 10 4 10
 8 2 5
 12 1 14
 11 2 11
 9 2 10
 11 4 10
 11 4 11
 8 1 10
 5 2 5
 10 1 12
 11 3 11
 7 2 6
 15 2 15
 9 2 10
 7 2 8
 8 2 6
 13 3 14
 11 2 10
 8 2 7
 7 3 8
 16 1 18
 7 2 6
 11 2 10
 11 4 14
 7 4 10
 11 1 15
 8 2 10
 11 1 14
 7 3 8
 7 1 5
 16 3 17
 10 1 14
 7 2 6
 16 2 18
 10 4 11
 7 4 8
 16 3 18
 10 4 13
 14 3 16
 18 1 19
 7 3 10
 10 2 13
 18 1 19
 9 2 9
 15 2 16
 11 2 14
 13 1 13
 9 2 8
 14 1 13
 16 2 15
 16 4 15
 13 2 13
 14 1 13
 8 2 8
 13 1 12
 7 2 11
 7 2 9
 7 1 0
 18 1 18
 12 3 0
 8 1 0
 10 1 12
 12 1 11
 9 2 0
 11 3 0
 10 2 0
 4 1 0
 14 2 12
 16 1 15
 7 4 0
 9 1 9
 9 3 11
 14 1 13
 5 1 0
 8 2 11
 6 2 0
 10 2 11
 7 1 0
 8 1 10
 6 1 0
 12 1 14
 10 3 10
 5 1 0
 11 1 12
 11 2 8
 16 1 13
 9 1 10
 17 1 15
 10 2 12
 7 1 0
 5 2 7
 7 1 0
 10 1 10
 5 2 7
 12 1 12
 10 2 10
 14 2 16
 6 2 0
 14 2 14
 6 1 0
 13 2 16
 13 2 10
 8 2 0
 10 2 9
 10 2 9
 13 2 11
 6 2 6
 10 1 9
 10 2 11
 9 2 8
 12 2 12
 16 2 17
 9 2 8
 12 2 12
 12 2 11
 11 1 11
 15 2 15
 8 2 9
 8 2 10
 11 2 13
 8 2 9
 7 2 8
 8 1 10
 13 1 14
 14 2 15
 17 1 16
 9 1 10
 18 1 18
 9 2 10
 16 2 16
 8 2 10
 9 2 10
 7 1 6
 10 4 11
 10 3 9
 7 2 7
 11 2 13
 9 1 10
 7 3 7
 8 4 8
 12 2 13
 12 2 14
 6 2 8
 8 1 10
 14 2 15
 6 2 4
 6 2 8
 7 1 8
 9 3 10
 6 2 6
 6 3 0
 16 2 17
 12 2 13
 13 3 14
 9 2 7
 16 2 15
 12 2 12
 10 2 9
 12 3 12
 13 2 14
 11 2 11
 11 2 9
 14 2 13
 9 2 6
 11 3 10
 14 2 13
 13 1 12
 13 2 11
 7 2 0
 12 2 12
 10 2 12
 6 1 0
 13 1 12
 7 3 0
 18 1 18
 12 1 13
 6 1 8
 3 2 5
 13 1 15
 6 1 8
 7 2 10
 6 1 8
 8 1 8
 8 1 12
 7 1 8
 14 4 13
 11 2 11
 15 2 14
 10 4 0
 17 2 18
 8 2 8
 13 3 12
 10 3 9
 9 3 0
 17 2 17
 9 2 10
 12 2 11
 10 2 10
 6 2 0
 9 2 9
 15 4 14
 11 2 11
 15 2 14
 10 2 10
 12 2 12
 10 2 9
 9 1 9
 9 2 8
 10 1 10
 8 1 8
 11 1 10
 12 4 12
 8 2 10
 10 2 11
 12 2 11
 18 3 19
 13 3 12
 15 3 14
 15 2 15
 12 2 11
 15 3 15
 12 2 13
 18 4 18
 14 3 14
 14 1 11
 10 2 0
 10 2 8
 14 4 14
 16 1 16
 12 2 11
 11 1 10
 15 3 14
 17 4 18
 15 2 13
 14 2 12
 17 1 18
 8 1 8
 15 2 12
 12 2 10
 9 2 0
 14 2 13
 13 2 11
 13 2 11
 15 3 13
 13 3 11
 8 2 0
 9 3 9
 11 3 10
 11 2 11
 13 2 13
 11 2 9
 11 3 11
 12 3 15
 16 3 15
 9 3 11
 14 1 16
 11 1 10
 10 3 9
 14 3 14
 9 4 8
 12 3 14
 7 2 0
 8 2 0
 10 4 0
 16 3 15
 14 3 13
 7 2 0
 16 4 17
 9 2 10
 11 3 11
 10 2 0
 16 2 15
 9 2 0
 11 3 10
 13 3 14
 16 3 16
 10 3 9
 13 3 15
 11 1 13
 8 2 8
 13 2 13
 8 1 8
 8 1 8
 13 2 11
 10 2 9
 12 2 13
 12 2 11
 10 1 10
 18 3 16
 13 2 13
 13 2 12
 11 2 10
 16 2 15
 12 2 12
 10 2 10
 13 3 13
 7 1 0
 11 1 10
 14 2 11
 7 2 9
 14 1 12
 13 3 11
 6 1 5
 19 3 19
 8 3 10
 15 3 15
 8 2 10
 15 2 15
 10 2 10
 15 2 14
 7 1 7
 11 2 10
 6 1 0
 6 1 5
 10 3 10
 6 1 6
 7 3 0
 7 2 8
 6 2 0
 9 2 9
 14 1 16
 10 1 7
 11 1 10
